100
0 1000000 1000000
1 -1000000 -1000000
2 1000000 -1000000
3 -1000000 1000000
4 0.0 0.0
5 278.8536 -949.9783
6 -449.9411 -553.6025
7 472.9424 353.3989
8 784.3591 -826.1226
9 -156.1563 940.4826
10 598.6585 -156.1563
11 -155.9945 58.0836
12 866.176 601.115
13 -60.8061 708.0726
14 20.5845 969.9099
15 -832.4426 212.3391
16 -181.8249 -183.4045
17 -304.2422 -524.7564
18 431.945 291.2291
19 -611.8529 651.3976
20 -708.8072 -134.3479
21 127.2024 -203.6361
22 499.192 863.1034
23 -84.4308 -957.1522
24 -334.5513  -198.3165
25 -898.4144 -37.8800
26 622.9017 134.7641
27 -602.8501 -158.4110
28 -37.0201 529.4779
29 -298.2155 493.9699
30 -35.6750  557.0256
31 813.3359  344.1466
32 -6.4690 -94.8886
33 -266.5344  183.1914
34 487.8786  997.4473
35 391.7730 -515.5199
36 -563.4529 -476.1810
37 -251.9303 -923.9311
38 784.3131  653.7871
39 192.3366  629.3164
40 372.0116 559.1381
41 433.1908 -154.6342
42 476.6019  -875.0293
43 160.1918 -825.0410
44 -  698.7384  -456.2180
45 261.7744 -600.7827
46 487.2654  253.2916
47 909.6310 -560.6216
48 - 5.2860  200.0964
49  45.5992  -698.3452
50 -760.7845  -805.1133
51  432.6962 -182.2446
52 -167.4750 -  651.2245
53 -603.5876  546.7057
54 -290.0611  276.6598
55 -  879.5369 -  503.9805
56 889.5232  217.2329
57 -  603.5508 -  983.4068
58 -539.4320  332.9941
59 -337.7671 -   932.2741
60  79.1728  -940.3724
61  585.2024 -  294.6254
62 828.6102  1.3988
63 -  658.7210  367.7316
64 -  198.4363  240.5052
65 -647.5523  234.0895
66 -  297.4268 -998.1791
67 -  171.3268 -1.4780
68  -  460.0444 443.6365
69  843.9676 -  885.1402 
70  -  740.4555  -88.2956
71 -  276.3620 -784.5496
72  1.3741   276.9278
73 -787.1467  681.9932
74  692.5316    15.1276
75   15.2609 -721.8074
76  427.1079 -59.5003
77 - 789.1751  19.1683
78  198.8420 -959.1126
79  328.6693 91.1301
80 -904.9864 -659.7866
81   70.9374   1.6662
82  556.6743   12.3187
83 -114.5507  897.2007
84  63.7127   12.7615
85  791.5455  497.0899
86   14.4165   77.3937
87 -  384.8584 -  503.4792
88  261.0553   78.2385
89  128.8869 707.5697
90  762.6158  -337.9017
91  331.7371 -  122.5816
92 -  614.8296  -337.6716
93  419.8713  -236.1314
94 -  380.4335  751.6694
95   418.4818  143.3531
96  697.7953 -111.6135
97   37.2717  694.9373
98  723.3451 -502.6873
99 -619.5822 -102.7729